23102102004
23102102008
23104102001
23104102004
23105102003
23105102012
23105102022
23105102024
23105102029
23105102042
23105102044
23105102045
23105102047
23105102048
23105102052
23105102055
23105102057
23110102002
23101103002
23101103003
23101103004
23101103005
23101103007
23101103008
23101103009
23101103014
23101103015
23101103017
23102103001
23102103003
23102103007
23102103008
23102103009
23104103003
23104103005
23104103007
23104103010
23105103001
23105103002
23105103003
23105103007
23105103008
23105103009
23105103010
23105103011
23105103013
23105103014
23105103015
23105103017
23105103018
23105103019
23105103020
23105103022
23105103023
23105103026
23105103032
23105103033
23105103035
23105103037
23105103038
23105103040
23105103041
23105103043
23105103044
23105103045
23105103046
23105103048
23105103049
23105103052
23110103001
23110103002
23110103003
23110103004
23110103005
23110103006
23101106003
23101106004
23101106006
23101106008
23102106006
23102106009
23103106005
23103106008
23105106001
23105106003
23105106005
23105106007
23105106008
23105106009
23105106010
23105106011
23105106013
23105106014
23105106015
23105106022
23105106025
23105106026
23105106027
23105106030
23105106031
23105106033
23105106034
23105106038
23105106039
23105106040
23105106041
23105106042
23105106047
23105106050
23105106051
23105106059
23105106062
23105106065
23105106066
23105106068
23101107006
23101107007
23101107013
23101107020
23101107030
23101107032
23101107037
23101107041
23101107042
23101107043
23101107046
23101107049
23101107059
23101107061
23101107062
23102107001
23102107007
23102107008
23102107010
23102107014
23102107017
23102107018
23102107019
23102107021
23102107026
23102107037
23102107040
23102107045
23102107048
23102107052
23103107005
23103107014
23103107023
23103107034
23103107040
23103107043
23103107050
23103107057
23103107058
23103107061
23104107035
23106107018
23106107029
23106107032
23106107038
23106107042
23106107053
23107107005
23107107009
23117107004
23117107011
23117107013
23117107015
23117107018
23117107020
23117107023
23117107025
23117107026
23117107030
23117107041
23117107042
23117107044
23117107045
23117107047
23101108011
23101108024
23101108031
23101108032
23101108035
23101108036
23101108056
23101108058
23101108068
23101108069
23101108073
23101108085
23101108091
23101108094
23101108097
23101108102
23101108104
23101108118
23101108121
23102108006
23102108017
23102108028
23102108031
23102108034
23102108038
23102108041
23102108044
23102108050
23103108007
23103108019
23103108025
23103108026
23103108028
23103108031
23103108034
23103108035
23103108045
23103108049
23103108050
23104108004
23104108005
23104108013
23104108016
23104108023
23104108028
23104108035
23104108036
23104108037
23104108039
23104108055
23104108058
23105108005
23105108018
23105108023
23105108024
23105108031
23105108058
23101109007
23101109010
23101109013
23101109019
23101109034
23101109036
23101109052
23102109005
23102109016
23102109022
23102109023
23102109028
23102109034
23105109011
23105109017
23105109020
23105109034
23105109039
23105109042
23105109043
23105109046
23105109054
23110109002
23110109010
23110109026
23110109036
23110109041
23110109046
23110109047
23110109051
23110109053
23110109054
23116109001
23116109004
23101110016
23101110039
23101110047
23101110053
23101110064
23101110079
23101110085
23105110002
23105110006
23105110012
23105110030
23105110038
23105110050
23105110051
23105110052
23105110054
23105110056
23105110060
23105110064
23105110072
23105110074
23105110077
23105110086
23105110089
23105110090
23105110105
23105110107
23105110108
23105110113
23110110002
23110110022
23110110023
23110110024
23110110028
23110110030
23110110035
23110110036
23110110038
23110110040
23110110044
23110110047
23110110049
23110110050
23110110051
23110110072
23110110076
23101111019
23101111024
23101111042
23101111052
23101111057
23101111059
23101111074
23101111078
23102111003
23102111006
23102111008
23102111013
23102111017
23102111023
23102111026
23102111035
23105111002
23105111005
23105111019
23105111024
23105111037
23105111038
23105111045
23110111018
23110111035
23110111045
23112111001
23112111003
23112111005
23112111010
23101113002
23101113006
23101113007
23101113018
23101113020
23101113026
23101113037
23101113042
23101113044
23101113045
23101113049
23101113053
23101113055
23102113005
23102113014
23102113016
23102113021
23102113027
23102113029
23105113012
23105113013
23105113016
23105113037
23105113038
23105113044
23105113045
23105113047
23105113048
23105113051
23105113054
23105113058
23110113001
23110113007
23110113010
23110113012
23110113018
23110113020
23110113023
23110113026
23110113027
23110113028
23110113033
23110113038
23110113040
23119113001
23119113016
23119113019
23151113002
23151113004
23151113007
23151113010
23151113013
23151113016
23151113019
23151113024
23151113025
23151113030
23151113031
23151113035
23151113036
23151113038
23151113042
23151113045
23151113047
23151113048
23151113052
23151113053
23101117005
23101117010
23101117014
23101117019
23101117021
23101117028
23101117032
23101117035
23101117047
23101117048
23101117049
23101117050
23101117054
23102117017
23102117018
23105117009
23105117012
23105117013
23105117014
23105117017
23105117018
23105117020
23105117028
23105117039
23105117044
23105117053
23105117056
23105117057
23105117063
23105117066
23105117068
23105117073
23105117074
23105117078
23105117080
23105117086
23105117087
23105117089
23105117091
23105117102
23105117103
23105117104
23105117105
23105117106
23105117110
23105117111
23105117116
23105117121
23110117005
23110117006
23110117008
23110117009
23110117013
23110117015
23110117018
23110117021
23110117022
23110117024
23110117025
23110117026
23110117027
23110117029
23110117032
23110117039
23110117040
23110117042
23115117003
23115117004
23115117011
23101118005
23101118006
23103118002
23103118004
23103118005
23105118005
23105118008
23105118009
23105118012
23105118017
23105118018
23105118019
23105118021
23101119007
23101119008
23101119010
23105119001
23105119002
23105119003
23105119004
23105119007
23105119008
23105119011
23105119012
23105119013
23105119014
23105119015
23105119016
23105119017
23105119020
23105119021
23105119023
23101123005
23101123006
23102123003
23102123007
23102123009
23102123010
23102123011
23105123005
23105123006
23105123007
23105123008
23105123009
23105123011
23105123014
23105123015
23105123018
23105123019
23105123020
23105123021
23105123022
23105123023
23105123027
23105123029
23105123032
23105123033
23105123034
23105123036
23105123037
23101124011
23101124018
23101124029
23101124037
23101124038
23102124002
23102124013
23102124015
23102124017
23102124021
23105124003
23105124011
23105124012
23105124016
23105124018
23105124019
23105124022
23105124027
23105124029
23105124037
23105124045
23105124049
23105124050
23105124055
23105124058
23105124063
23105124082
23105124086
23105124087
23105124088
23105124089
23110124001
23110124009
23110124011
23110124018
23110124021
23110124022
23110124025
23110124027
23110124031
23110124038
23110124040
23113124006
23101125002
23101125008
23101125010
23101125012
23101125019
23101125023
23101125031
23101125034
23101125047
23101125049
23101125052
23102125009
23102125012
23102125015
23102125020
23102125021
23102125024
23105125009
23105125028
23105125044
23105125046
23105125051
23110125001
23110125010
23110125015
23110125018
23110125027
23110125028
23110125030
23110125031
23114125004
23114125008
23114125009
23114125011
23114125016
23114125021
23114125024
23114125025
23114125026
23114125028
23114125029
23114125038
23101126003
23101126004
23101126010
23101126029
23101126070
23101126074
23102126024
23102126029
23102126030
23102126039
23105126001
23105126008
23105126011
23105126015
23105126022
23105126024
23105126028
23105126029
23105126043
23105126047
23110126003
23110126016
23110126019
23110126021
23110126022
23110126026
23110126027
23110126029
23110126030
23110126033
23110126038
23110126045
23110126049
23112126004
23112126009
23155126004
23155126021
23155126033
23155126041
23155126051
23101127014
23101127019
23101127022
23101127025
23101127028
23101127031
23101127037
23101127044
23101127045
23102127001
23102127007
23102127008
23103127010
23103127016
23103127021
23103127032
23103127042
23105127011
23105127045
23105127049
23105127058
23119127005
23119127006
23119127008
23119127010
23119127012
23119127013
23119127015
23157127001
23157127008
23157127016
23157127022
23157127023
23157127024
23157127027
23157127043
23101128012
23101128013
23101128017
23101128024
23101128025
23101128033
23101128036
23101128042
23101128045
23102128001
23102128014
23105128002
23105128003
23105128007
23105128011
23105128024
23105128035
23105128042
23105128045
23105128051
23105128052
23105128054
23105128057
23110128002
23110128003
23110128007
23110128008
23110128016
23110128020
23110128023
23110128028
23110128029
23118128001
23118128003
23119128001
23119128005
23119128011
23119128018
23101129001
23101129003
23101129014
23101129016
23101129021
23101129023
23101129034
23101129035
23101129036
23101129037
23101129038
23101129039
23101129040
23101129043
23102129003
23102129004
23102129005
23105129012
23105129017
23105129018
23105129024
23105129027
23105129029
23105129036
23105129040
23105129043
23105129071
23105129073
23105129074
23105129075
23105129077
23105129082
23105129087
23105129096
23105129106
23105129107
23105129115
23105129116
23110129002
23110129003
23110129009
23110129012
23110129013
23110129017
23110129021
23110129027
23110129029
23101130010
23101130012
23101130019
23101130024
23101130027
23101130036
23101130044
23101130050
23101130059
23102130001
23102130003
23102130007
23103130007
23103130020
23103130022
23104130005
23104130009
23104130011
23104130014
23104130017
23104130019
23104130022
23104130023
23104130025
23104130026
23105130001
23105130003
23105130007
23105130011
23105130013
23105130015
23105130016
23105130017
23105130018
23105130019
23105130023
23105130024
23105130025
23105130026
23105130028
23101131009
23101131016
23101131017
23101131019
23101131025
23101131026
23101131030
23101131035
23101131038
23101131039
23101131042
23102131002
23102131009
23102131010
23102131012
23102131013
23102131014
23103131008
23103131010
23103131022
23103131029
23103131034
23104131001
23104131010
23104131011
23104131013
23104131014
23104131018
23104131020
23104131022
23104131031
23104131032
23104131039
23104131040
23104131042
23105131009
23105131012
23105131015
23105131035
23105131036
23105131038
23105131040
23105131051
23105131052
23151131028
23151131038
23151131042
23151131047
23151131050
23151131057
23101132012
23101132017
23101132020
23101132021
23101132027
23101132028
23101132030
23101132036
23102132004
23103132003
23103132004
23103132008
23103132011
23103132013
23103132016
23103132022
23103132027
23103132028
23103132034
23104132001
23104132007
23104132009
23104132010
23104132013
23104132017
23104132019
23104132021
23104132025
23104132026
23104132029
23104132031
23104132035
23153132001
23153132004
23153132005
23153132006
23153132017
23153132022
23153132026
23153132028
23153132030
23153132032
23153132033
23153132042
23153132044
23153132045
23101133005
23101133012
23101133013
23101133014
23101133026
23102133001
23102133004
23102133005
23103133002
23103133004
23103133011
23103133016
23103133018
23103133021
23103133023
23104133004
23104133005
23104133006
23104133011
23104133013
23104133017
23104133024
23157133001
23157133003
23157133010
23157133017
23157133031
23157133038
23101134003
23101134005
23101134007
23101134017
23101134025
23101134026
23101134029
23101134030
23101134034
23101134037
23101134040
23101134042
23101134044
23101134045
23101134046
23103134002
23103134007
23103134010
23103134015
23103134023
23103134032
23104134008
23104134010
23104134015
23104134021
23104134023
23104134024
23104134027
23104134028
23104134029
23105134001
23105134004
23105134009
23105134012
23105134027
23105134032
23105134042
23105134047
23105134051
23105134055
23155134004
23155134007
23155134009
23155134011
23155134012
23155134013
23155134022
23155134028
23155134029
23155134033
23155134034
23155134037
23101135010
23101135015
23101135020
23101135022
23101135023
23101135024
23101135030
23101135031
23101135032
23101135038
23101135044
23101135047
23101135050
23102135018
23102135020
23103135001
23103135003
23103135004
23103135005
23103135006
23103135007
23103135008
23103135010
23103135011
23103135012
23103135016
23103135017
23103135020
23103135021
23103135023
23103135030
23103135032
23103135036
23104135001
23104135002
23104135003
23104135008
23104135009
23104135015
23104135018
23104135023
23104135029
23104135030
23104135032
23104135033
23104135037
23155135011
23155135014
23155135018
23155135021
23155135024
23155135034
23155135036
23155135040
23155135045
23155135048
23155135050
23155135051
23105136001
23105136002
23105136003
23105136004
23105136005
23105136006
23110136003
23110136004
23101139002
23101139004
23101139005
23101139007
23101139012
23101139013
23102139001
23105139003
23105139004
23105139006
23105139007
23105139008
23105139009
23105139010
23105139011
23105139012
23105139016
23105139018
23105139020
23105139027
23105139028
23110139001
23110139002
23110139004
23101140006
23101140007
23101140008
23101140010
23101140013
23102140001
23102140002
23102140003
23102140004
23102140005
23102140006
23102140007
23102140009
23102140010
23102140017
23102140020
23102140021
23102140023
23102140024
23102140026
23102140028
23102140029
23105140001
23105140002
23105140005
23105140009
23105140011
23105140014
23105140019
23105140020
23105140022
23105140023
23105140027
23105140028
23105140030
23105140033
23105140035
23105140038
23105140044
23105140046
23105140047
23105140048
23105140049
23105140050
23105140052
23105140055
23105140056
23105140057
23105140058
23110140002
23110140004
23110140006
23110140008
23110140009
23110140014
23153140002
23153140008
23153140010
23153140011
23153140012
23153140014
23153140017
23153140018
23153140020
23153140023
23153140025
23153140026
23153140028
23157140001
23157140002
23157140004
23157140005
23157140007
23157140008
23157140009
23157140011
23157140015
23157140017
23157140021
23157140025
23157140027
23157140028
23157140029
23101141004
23101141008
23101141012
23101141021
23101141025
23101141034
23101141043
23101141045
23101141046
23101141047
23101141059
23101141061
23101141062
23101141071
23102141007
23103141013
23103141017
23103141018
23103141019
23103141021
23103141022
23103141025
23103141026
23103141028
23103141029
23101142004
23101142008
23101142014
23101142015
23101142017
23101142021
23101142022
23101142025
23101142026
23103142002
23104142003
23104142004
23104142008
23101144015
23101144016
23101144024
23101144025
23101144026
23101144069
23101144072
23101144078
23103144002
23103144019
23103144021
23103144024
23103144026
23151144004
23151144005
23151144008
23151144017
23151144020
23151144023
23151144024
23151144035
23151144037
23151144038
23151144039
23151144040
23151144042
23151144044
23101145008
23101145011
23101145012
23101145022
23102145002
